diary on
%Евсеенко Виктория ПОИТ 4, 1 курс, 2 подруппа
a = 10

a =

    10

X = [1,1,1]

X =

     1     1     1

Y= [9;9;9]

Y =

     9
     9
     9

Z = [6,6,6;9,9,9;6,6,6]

Z =

     6     6     6
     9     9     9
     6     6     6

X(2) = 0

X =

     1     0     1

Z(2,2) = 0

Z =

     6     6     6
     9     0     9
     6     6     6

3*X

ans =

     3     0     3

X + 10

ans =

    11    10    11

X + Y

ans =

    10     9    10
    10     9    10
    10     9    10

X*Y

ans =

    18

Z.*Y

ans =

    54    54    54
    81     0    81
    54    54    54

C = [8,8,8;8,8,8;9,9,9]

C =

     8     8     8
     8     8     8
     9     9     9

Z.*C

ans =

    48    48    48
    72     0    72
    54    54    54

Z*C

ans =

   150   150   150
   153   153   153
   150   150   150

Z^7

ans =

   229547520   153124992   229547520
   229687488   152845056   229687488
   229547520   153124992   229547520

cos(Z)

ans =

    0.9602    0.9602    0.9602
   -0.9111    1.0000   -0.9111
    0.9602    0.9602    0.9602

Z.^8

ans =

     1679616     1679616     1679616
    43046721           0    43046721
     1679616     1679616     1679616

Z'

ans =

     6     9     6
     6     0     6
     6     9     6

size(Z)

ans =

     3     3

V =1:0.5:10

V =

  Columns 1 through 5

    1.0000    1.5000    2.0000    2.5000    3.0000

  Columns 6 through 10

    3.5000    4.0000    4.5000    5.0000    5.5000

  Columns 11 through 15

    6.0000    6.5000    7.0000    7.5000    8.0000

  Columns 16 through 19

    8.5000    9.0000    9.5000   10.0000

f = @(x) sin(x)/(10*x)

f =

  <a href="matlab:helpPopup function_handle" style="font-weight:bold">function_handle</a> with value:

    @(x)sin(x)/(10*x)

f(pi/2)

ans =

    0.0637

det(Z)

ans =

     0

det(C)

ans =

     0

diary off
